Options for the verification:
  Generating no trace
  Search order is breadth first
  Using conservative space optimisation
  Seed is 1643130093
  State space representation uses minimal constraint systems
[2K
Verifying formula 1 at ./resources/gen_models/exp2.q:1
 -- Throughput: 4624 states/sec, Load: 1 runs[K
 -- Throughput: 3741 states/sec, Load: 1 runs[K
 -- Throughput: 4341 states/sec, Load: 1 runs[K
 -- Throughput: 3430 states/sec, Load: 1 runs[K
 -- Throughput: 3760 states/sec, Load: 1 runs[K
 -- Throughput: 4456 states/sec, Load: 1 runs[K
 -- Throughput: 2928 states/sec, Load: 1 runs[K
 -- Throughput: 3142 states/sec, Load: 1 runs[K
 -- Throughput: 4665 states/sec, Load: 1 runs[K
 -- Throughput: 4703 states/sec, Load: 1 runs[K
 -- Throughput: 4570 states/sec, Load: 1 runs[K
[2K -- Formula is satisfied.
scs:
[0]: (0,0) (0,0) (273.2820137859599,0) (273.3739829804846,1) (273.3739829804846,1) (400.0099999997929,1)
served[0]:
[0]: (0,0) (0,0) (53.4168440188087,0) (53.51340502284041,1) (53.51340502284041,1) (400.0099999997929,1)
served[1]:
[0]: (0,0) (0,0) (56.99999999999721,0) (57.08999999999719,1) (57.08999999999719,1) (400.0099999997929,1)
served[2]:
[0]: (0,0) (0,0) (92.16822632697655,0) (92.2582263269766,1) (92.2582263269766,1) (400.0099999997929,1)
served[3]:
[0]: (0,0) (0,0) (131.9185371454806,0) (132.0100000000234,1) (132.0100000000234,1) (400.0099999997929,1)
served[4]:
[0]: (0,0) (0,0) (206.1150244968326,0) (206.1150244968326,0) (206.209683097241,1) (206.209683097241,1) (400.0099999997929,1)
served[5]:
[0]: (0,0) (0,0) (272.2820137859608,0) (272.282013785964,0) (272.3720137859639,1) (272.3720137859639,1) (400.0099999997929,1)
humanPositionX[currH - 1] / 100:
[0]: (0,0) (0,0) (0.09,2.2) (0.09,2.2) (4.585000179222996,2.2) (4.585000179222996,2.2) (4.675698929935309,3) (4.675698929935309,3) (5.569403297650891,3) (5.569403297650891,3) (5.660948882845789,3.8) (5.660948882845789,3.8) (6.575187394858482,3.8) (6.575187394858482,3.8) (6.668285554232692,4.6) (6.668285554232692,4.6) (7.577766684940519,4.6) (7.577766684940519,4.6) (7.669036727252385,5.4) (7.669036727252385,5.4) (8.570604550719638,5.4) (8.570604550719638,5.4) (8.661820465759201,6.2) (8.661820465759201,6.2) (9.581553735795362,6.2) (9.581553735795362,6.2) (9.675670698070778,7) (9.675670698070778,7) (10.57721525060838,7) (10.57721525060838,7) (10.67199537102808,7.8) (10.67199537102808,7.8) (11.57639399002905,7.8) (11.57639399002905,7.8) (11.66557155902827,8.6) (11.66557155902827,8.6) (12.57582291644896,8.6) (12.57582291644896,8.6) (12.6725816817411,9.4) (12.6725816817411,9.4) (13.56934852944298,9.4) (13.56934852944298,9.4) (13.66046918603162,10.2) (13.66046918603162,10.2) (14.58380305066405,10.2) (14.58380305066405,10.2) (14.67380305066405,11) (14.67380305066405,11) (15.57310645648006,11) (15.57310645648006,11) (15.66270838701688,11.8) (15.66270838701688,11.8) (16.58469344742149,11.8) (16.58469344742149,11.8) (16.67952744077599,12.6) (16.67952744077599,12.6) (17.59422354369799,12.6) (17.59422354369799,12.6) (17.6853302260313,13.4) (17.6853302260313,13.4) (18.57494433451201,13.4) (18.57494433451201,13.4) (18.67078864583248,14.2) (18.67078864583248,14.2) (19.58530934909121,14.2) (19.58530934909121,14.2) (19.67530934909123,15) (19.67530934909123,15) (20.58420103087276,15) (20.58420103087276,15) (20.68138358845057,15.8) (20.68138358845057,15.8) (21.58255085432489,15.8) (21.58255085432489,15.8) (21.67333358789039,16.6) (21.67333358789039,16.6) (22.57756454929319,16.6) (22.57756454929319,16.6) (22.66545310443411,17.4) (22.66545310443411,17.4) (23.58668363444442,17.4) (23.58668363444442,17.4) (23.67668363444443,18.2) (23.67668363444443,18.2) (24.58207417538835,18.2) (24.58207417538835,18.2) (24.67207417538837,19) (24.67207417538837,19) (25.57173347864245,19) (25.57173347864245,19) (25.66692821940344,19.8) (25.66692821940344,19.8) (26.58600874433906,19.8) (26.58600874433906,19.8) (26.67607908782518,20.6) (26.67607908782518,20.6) (27.58067418019863,20.6) (27.58067418019863,20.6) (27.67072300554549,21.4) (27.67072300554549,21.4) (28.57540181275766,21.4) (28.57540181275766,21.4) (28.6666314246077,22.2) (28.6666314246077,22.2) (29.57068737361052,22.2) (29.57068737361052,22.2) (29.6646720272467,23) (29.6646720272467,23) (30.5842320494776,23) (30.5842320494776,23) (30.68164709617658,23.8) (30.68164709617658,23.8) (31.58663804854598,23.8) (31.58663804854598,23.8) (31.676638048546,24.6) (31.676638048546,24.6) (32.57175553338654,24.6) (32.57175553338654,24.6) (32.66340050546948,25.4) (32.66340050546948,25.4) (33.56925581609548,25.4) (33.56925581609548,25.4) (33.6640524196923,26.2) (33.6640524196923,26.2) (34.56953589899394,26.2) (34.56953589899394,26.2) (34.66422141053879,27) (34.66422141053879,27) (35.55909150771937,27) (35.55909150771937,27) (35.64705768897272,27.8) (35.64705768897272,27.8) (36.56765986488851,27.8) (36.56765986488851,27.8) (36.65589673270748,28.6) (36.65589673270748,28.6) (37.57470168880729,28.6) (37.57470168880729,28.6) (37.66681431065476,29.4) (37.66681431065476,29.4) (38.58942012755745,29.4) (38.58942012755745,29.4) (38.67942012755744,30.2) (38.67942012755744,30.2) (39.59485465799962,30.2) (39.59485465799962,30.2) (39.6848546579996,31) (39.6848546579996,31) (40.59198434623919,31) (40.59198434623919,31) (40.68198434623918,31.8) (40.68198434623918,31.8) (41.5743103960266,31.8) (41.5743103960266,31.8) (41.66626773470046,32.6) (41.66626773470046,32.6) (42.57420343793115,32.6) (42.57420343793115,32.6) (42.66700590508713,33.4) (42.66700590508713,33.4) (43.57839147084343,33.4) (43.57839147084343,33.4) (43.66839147084341,34.2) (43.66839147084341,34.2) (44.58747190512431,34.2) (44.58747190512431,34.2) (44.67747190512429,35) (44.67747190512429,35) (45.54958497425025,35) (45.54958497425025,35) (45.64200029370581,35.8) (45.64200029370581,35.8) (46.56846381355316,35.8) (46.56846381355316,35.8) (46.65878832501214,36.6) (46.65878832501214,36.6) (47.58035408098888,36.6) (47.58035408098888,36.6) (47.67035408098887,37.4) (47.67035408098887,37.4) (48.56785164064215,37.4) (48.56785164064215,37.4) (48.66052589841419,38.2) (48.66052589841419,38.2) (49.57348011378522,38.2) (49.57348011378522,38.2) (49.66717266643744,39) (49.66717266643744,39) (50.57679380980971,39) (50.57679380980971,39) (50.66861199643672,39.8) (50.66861199643672,39.8) (51.57964980850944,39.8) (51.57964980850944,39.8) (51.66901564473267,40.6) (51.66901564473267,40.6) (52.58110119186029,40.6) (52.58110119186029,40.6) (52.67110119186027,41.4) (52.67110119186027,41.4) (53.4168440188087,41.4) (53.51340502284041,43) (53.51340502284041,43) (60.04073896964221,43) (60.04073896964221,43) (60.1307389696422,20) (60.1307389696422,20) (61.6656655609608,20) (61.6656655609608,20) (61.75704971600413,21) (61.75704971600413,21) (62.67249175253558,21) (62.67249175253558,21) (62.76249175253556,22) (62.76249175253556,22) (63.65069534552523,22) (63.65069534552523,22) (63.73922169088792,23) (63.73922169088792,23) (64.68049013835697,23) (64.68049013835697,23) (64.77049013835702,24) (64.77049013835702,24) (65.68202539018199,24) (65.68202539018199,24) (65.7792332788185,25) (65.7792332788185,25) (66.65786239507359,25) (66.65786239507359,25) (66.75511157515415,26) (66.75511157515415,26) (67.67797045224978,26) (67.67797045224978,26) (67.76797045224983,27) (67.76797045224983,27) (68.67809540257437,27) (68.67809540257437,27) (68.76809540257442,28) (68.76809540257442,28) (69.68197223180958,28) (69.68197223180958,28) (69.77395618638526,29) (69.77395618638526,29) (70.67201852416061,29) (70.67201852416061,29) (70.76087278291463,30) (70.76087278291463,30) (71.64458535200163,30) (71.64458535200163,30) (71.74009583381255,31) (71.74009583381255,31) (72.66901332687594,31) (72.66901332687594,31) (72.75901332687599,32) (72.75901332687599,32) (73.66678661454461,32) (73.66678661454461,32) (73.75678661454465,33) (73.75678661454465,33) (74.66145448564636,33) (74.66145448564636,33) (74.75031635218861,34) (74.75031635218861,34) (75.6618960287532,34) (75.6618960287532,34) (75.75000887499429,35) (75.75000887499429,35) (76.68622613533522,35) (76.68622613533522,35) (76.77622613533526,36) (76.77622613533526,36) (77.67573243433569,36) (77.67573243433569,36) (77.76573243433573,37) (77.76573243433573,37) (78.6761530482423,37) (78.6761530482423,37) (78.76615304824234,38) (78.76615304824234,38) (79.66289585667839,38) (79.66289585667839,38) (79.75467918127724,39) (79.75467918127724,39) (80.68129545538287,39) (80.68129545538287,39) (80.77129545538291,40) (80.77129545538291,40) (81.66069550620266,40) (81.66069550620266,40) (81.7506955062027,41) (81.7506955062027,41) (82.6812666379348,41) (82.6812666379348,41) (82.77126663793484,42) (82.77126663793484,42) (83.67380391433686,42) (83.67380391433686,42) (83.7638039143369,43) (83.7638039143369,43) (95.42874210752802,43) (95.42874210752802,43) (95.51844747856325,42) (95.51844747856325,42) (96.42695347057403,42) (96.42695347057403,42) (96.52404477746403,41) (96.52404477746403,41) (97.41977697765844,41) (97.41977697765844,41) (97.51643583447745,40) (97.51643583447745,40) (98.42902017867908,40) (98.42902017867908,40) (98.52228352548583,39) (98.52228352548583,39) (99.42271712373901,39) (99.42271712373901,39) (99.51369037765348,38) (99.51369037765348,38) (100.4252293294618,38) (100.4252293294618,38) (100.5146075003528,37) (100.5146075003528,37) (101.4376536024585,37) (101.4376536024585,37) (101.5333199588682,36) (101.5333199588682,36) (102.4210154490034,36) (102.4210154490034,36) (102.5097644205901,35) (102.5097644205901,35) (103.4306580974071,35) (103.4306580974071,35) (103.5197644205906,34) (103.5197644205906,34) (104.4299089857302,34) (104.4299089857302,34) (104.519956912752,33) (104.519956912752,33) (105.426710327925,33) (105.426710327925,33) (105.5197644205916,32) (105.5197644205916,32) (106.4289180420682,32) (106.4289180420682,32) (106.5197644205921,31) (106.5197644205921,31) (107.4151794615418,31) (107.4151794615418,31) (107.5097644205925,30) (107.5097644205925,30) (108.4282632926164,30) (108.4282632926164,30) (108.519764420593,29) (108.519764420593,29) (109.4206022736939,29) (109.4206022736939,29) (109.5097644205935,28) (109.5097644205935,28) (110.4208262892127,28) (110.4208262892127,28) (110.509764420594,27) (110.509764420594,27) (111.4282880646188,27) (111.4282880646188,27) (111.5197644205944,26) (111.5197644205944,26) (112.4125178558456,26) (112.4125178558456,26) (112.5097644205949,25) (112.5097644205949,25) (113.4090963415804,25) (113.4090963415804,25) (113.5055951584182,24) (113.5055951584182,24) (114.4436843153739,24) (114.4436843153739,24) (114.5397644205959,23) (114.5397644205959,23) (115.4014261990159,23) (115.4014261990159,23) (115.4967502097739,22) (115.4967502097739,22) (116.4196102987754,22) (116.4196102987754,22) (116.5097644205969,21) (116.5097644205969,21) (117.4277146066511,21) (117.4277146066511,21) (117.5197644205974,20) (117.5197644205974,20) (132.5097644205984,20) (132.6001966649089,41.4) (132.6001966649089,41.4) (133.516816853803,41.4) (133.516816853803,41.4) (133.6068168538029,43) (133.6068168538029,43) (161.7567681558556,43) (161.7567681558556,43) (161.8505066392759,42.2) (161.8505066392759,42.2) (162.2550287472353,42.2) (162.2550287472353,42.2) (162.3480280378587,41.4) (162.3480280378587,41.4) (163.2566765610359,41.4) (163.2566765610359,41.4) (163.3466765610358,40.6) (163.3466765610358,40.6) (164.2782893405576,40.6) (164.2782893405576,40.6) (164.3745856229942,39.8) (164.3745856229942,39.8) (165.2531092555701,39.8) (165.2531092555701,39.8) (165.3473897887508,39) (165.3473897887508,39) (166.2633051802844,39) (166.2633051802844,39) (166.3585790922778,38.2) (166.3585790922778,38.2) (167.2624687341435,38.2) (167.2624687341435,38.2) (167.3524687341435,37.4) (167.3524687341435,37.4) (168.2545301821024,37.4) (168.2545301821024,37.4) (168.3445301821023,36.6) (168.3445301821023,36.6) (187.6170166663082,36.6) (187.6170166663082,36.6) (187.70565555414,35.8) (187.70565555414,35.8) (188.6286773253332,35.8) (188.6286773253332,35.8) (188.7223350437497,35) (188.7223350437497,35) (189.6250960765724,35) (189.6250960765724,35) (189.7157352801987,34.2) (189.7157352801987,34.2) (190.6070053258132,34.2) (190.6070053258132,34.2) (190.6970387625556,33.4) (190.6970387625556,33.4) (191.6062304668684,33.4) (191.6062304668684,33.4) (191.6969337468829,32.6) (191.6969337468829,32.6) (192.5928755606406,32.6) (192.5928755606406,32.6) (192.6822090708142,31.8) (192.6822090708142,31.8) (193.597026739599,31.8) (193.597026739599,31.8) (193.689826451858,31) (193.689826451858,31) (194.605513933778,31) (194.605513933778,31) (194.6994140643697,30.2) (194.6994140643697,30.2) (195.6099069522795,30.2) (195.6099069522795,30.2) (195.7040398808959,29.4) (195.7040398808959,29.4) (196.6007414717703,29.4) (196.6007414717703,29.4) (196.6922293978624,28.6) (196.6922293978624,28.6) (197.6280590534371,28.6) (197.6280590534371,28.6) (197.720620874409,27.8) (197.720620874409,27.8) (198.6162382599084,27.8) (198.6162382599084,27.8) (198.709459354271,27) (198.709459354271,27) (199.598866664139,27) (199.598866664139,27) (199.6880061569957,26.2) (199.6880061569957,26.2) (200.6109772916346,26.2) (200.6109772916346,26.2) (200.7039229185617,25.4) (200.7039229185617,25.4) (201.6055303309362,25.4) (201.6055303309362,25.4) (201.69852507897,24.6) (201.69852507897,24.6) (202.6228633666451,24.6) (202.6228633666451,24.6) (202.7128177453041,23.8) (202.7128177453041,23.8) (203.616596706765,23.8) (203.616596706765,23.8) (203.7133924693536,23) (203.7133924693536,23) (204.6133725820807,23) (204.6133725820807,23) (204.7093389437507,22.2) (204.7093389437507,22.2) (205.6109219924095,22.2) (205.6109219924095,22.2) (205.7031004189636,21.4) (205.7031004189636,21.4) (206.1150244968326,21.4) (206.1150244968326,21.4) (206.209683097241,20) (206.209683097241,20) (400.0099999997929,20)
humanPositionY[currH - 1] / 100:
[0]: (0,0) (0,0) (0.09,3) (0.09,3) (53.4168440188087,3) (53.51340502284041,3.5) (53.51340502284041,3.5) (56.49215833443441,3.5) (56.49215833443441,3.5) (56.58215833443439,5.5) (56.58215833443439,5.5) (60.04073896964221,5.5) (60.04073896964221,5.5) (60.1307389696422,3) (60.1307389696422,3) (84.66879697347387,3) (84.66879697347387,3) (84.75651122663545,2) (84.75651122663545,2) (94.42002153016983,2) (94.42002153016983,2) (94.51206467421895,3) (94.51206467421895,3) (106.4289180420682,2.999999999012274) (106.4289180420682,2.999999998922481) (132.5097644205984,2.999999997934755) (162.2550287472353,3) (162.2550287472353,2.999999999928165) (187.6170166663082,2.999999999497157) (187.6170166663082,2.999999999568991) (202.6228633666451,3.000000000574678) (202.6228633666451,3.000000000646513) (206.1150244968326,3.000000000862017) (206.1150244968326,3.000000000862017) (207.5153533326197,2.999999997934755) (207.5153533326197,2.999999997934755) (400.0099999997929,3)
robPositionX[currR - 1] / 100:
[0]: (0,0) (0,0) (0.09,3) (0.09,3) (4.572776144403009,3) (4.572776144403009,3) (4.665698929935309,4) (4.665698929935309,4) (5.572679080225221,4) (5.572679080225221,4) (5.660948882845789,5) (5.660948882845789,5) (6.598285554232693,5) (6.598285554232693,5) (6.688285554232691,6) (6.688285554232691,6) (7.589036727252386,6) (7.589036727252386,6) (7.679036727252385,7) (7.679036727252385,7) (8.581820465759202,7) (8.581820465759202,7) (8.6718204657592,8) (8.6718204657592,8) (9.58567069807078,8) (9.58567069807078,8) (9.675670698070778,9) (9.675670698070778,9) (10.58199537102808,9) (10.58199537102808,9) (10.67199537102808,10) (10.67199537102808,10) (11.57450742226586,10) (11.57450742226586,10) (11.66557155902827,11) (11.66557155902827,11) (12.5825816817411,11) (12.5825816817411,11) (12.6725816817411,12) (12.6725816817411,12) (13.59046918603162,12) (13.59046918603162,12) (13.68046918603162,13) (13.68046918603162,13) (14.58136379411814,13) (14.58136379411814,13) (14.67380305066405,14) (14.67380305066405,14) (15.57548227211893,14) (15.57548227211893,14) (15.67270838701688,15) (15.67270838701688,15) (16.56959725295429,15) (16.56959725295429,15) (16.65952744077599,16) (16.65952744077599,16) (17.59016050854467,16) (17.59016050854467,16) (17.6853302260313,17) (17.6853302260313,17) (18.59078864583247,17) (18.59078864583247,17) (18.68078864583249,18) (18.68078864583249,18) (19.57346643937921,18) (19.57346643937921,18) (19.66530934909122,19) (19.66530934909122,19) (20.60138358845056,19) (20.60138358845056,19) (20.69138358845057,20) (20.69138358845057,20) (21.58333358789038,20) (21.58333358789038,20) (21.67333358789039,21) (21.67333358789039,21) (28.38944637793337,21) (28.38944637793337,21) (28.48205272239954,22) (28.48205272239954,22) (29.41709520931858,22) (29.41709520931858,22) (29.50890001969794,23) (29.50890001969794,23) (30.41354967608685,23) (30.41354967608685,23) (30.50339751456679,24) (30.50339751456679,24) (31.40554838371797,24) (31.40554838371797,24) (31.49554838371798,25) (31.49554838371798,25) (32.41272955955615,25) (32.41272955955615,25) (32.50272955955613,26) (32.50272955955613,26) (33.3982470030432,26) (33.3982470030432,26) (33.49494884312045,27) (33.49494884312045,27) (34.39634203914166,27) (34.39634203914166,27) (34.48634203914165,28) (34.48634203914165,28) (35.4108859569462,28) (35.4108859569462,28) (35.50052509929306,29) (35.50052509929306,29) (36.41745223897501,29) (36.41745223897501,29) (36.51019759570872,30) (36.51019759570872,30) (37.39916014768287,30) (37.39916014768287,30) (37.48916014768285,31) (37.48916014768285,31) (38.40272485883834,31) (38.40272485883834,31) (38.49653420463245,32) (38.49653420463245,32) (39.37409168584892,32) (39.37409168584892,32) (39.46409168584891,33) (39.46409168584891,33) (40.39143769941833,33) (40.39143769941833,33) (40.48143769941831,34) (40.48143769941831,34) (41.38512398288155,34) (41.38512398288155,34) (41.47512398288153,35) (41.47512398288153,35) (42.41107471956526,35) (42.41107471956526,35) (42.50824698301444,36) (42.50824698301444,36) (43.39992838941021,36) (43.39992838941021,36) (43.48992838941019,37) (43.48992838941019,37) (44.41374841870951,37) (44.41374841870951,37) (44.50244185803431,38) (44.50244185803431,38) (45.41712722541403,38) (45.41712722541403,38) (45.51295942088689,39) (45.51295942088689,39) (46.3887907016677,39) (46.3887907016677,39) (46.47879070166768,40) (46.47879070166768,40) (47.40393647917361,40) (47.40393647917361,40) (47.49869007727515,41) (47.49869007727515,41) (48.39574315124953,41) (48.39574315124953,41) (48.48866986896934,42) (48.48866986896934,42) (49.40868432192226,42) (49.40868432192226,42) (49.50129567289734,43) (49.50129567289734,43) (50.41352592703417,43) (50.41352592703417,43) (50.50817397673251,44) (50.50817397673251,44) (52.48026274770835,44) (52.48026274770835,44) (52.57001642251905,43) (52.57001642251905,43) (64.53120418270177,43.00000000008979) (64.53120418270177,43.00000000008979) (64.62120418270182,42.00000000008979) (64.62120418270182,42.00000000008979) (69.64781670421091,42.00000000008979) (69.64781670421091,42.00000000008979) (69.74395618638525,40.00000000008979) (69.74395618638525,40.00000000008979) (70.64396354010302,40.00000000008979) (70.64396354010302,40.00000000008979) (70.74087278291462,39.00000000008979) (70.74087278291462,39.00000000008979) (71.6592737163634,39.00000000008979) (71.6592737163634,39.00000000008979) (71.75009583381255,38.00000000008979) (71.75009583381255,38.00000000008979) (72.65395570518612,38.00000000008979) (72.65395570518612,38.00000000008979) (72.74901332687598,37.00000000008979) (72.74901332687598,37.00000000008979) (73.66046798361614,37.00000000008979) (73.66046798361614,37.00000000008979) (73.75678661454465,36.00000000008979) (73.75678661454465,36.00000000008979) (74.67031635218856,36.00000000008979) (74.67031635218856,36.00000000008979) (74.76031635218861,35.00000000008979) (74.76031635218861,35.00000000008979) (75.64715640510362,35.00000000008979) (75.64715640510362,35.00000000008979) (75.74000887499429,34.00000000008979) (75.74000887499429,34.00000000008979) (76.64874640347759,34.00000000008979) (76.64874640347759,34.00000000008979) (76.74622613533525,33.00000000008979) (76.74622613533525,33.00000000008979) (77.6639699787261,33.00000000008979) (77.6639699787261,33.00000000008979) (77.75573243433573,32.00000000008979) (77.75573243433573,32.00000000008979) (84.30945742177563,32.00000000008979) (84.30945742177563,32.00000000008979) (84.39945742177568,33.00000000008979) (84.39945742177568,33.00000000008979) (86.30734120982441,33.00000000008979) (86.30734120982441,33.00000000008979) (86.39734120982446,35.00000000008979) (86.39734120982446,35.00000000008979) (87.30789300505784,35.00000000008979) (87.30789300505784,35.00000000008979) (87.39789300505788,36.00000000008979) (87.39789300505788,36.00000000008979) (88.30439835977488,36.00000000008979) (88.30439835977488,36.00000000008979) (88.39439835977493,37.00000000008979) (88.39439835977493,37.00000000008979) (89.30721364907505,37.00000000008979) (89.30721364907505,37.00000000008979) (89.3972136490751,38.00000000008979) (89.3972136490751,38.00000000008979) (90.30453589961344,38.00000000008979) (90.30453589961344,38.00000000008979) (90.39453589961349,39.00000000008979) (90.39453589961349,39.00000000008979) (91.31944974501681,39.00000000008979) (91.31944974501681,39.00000000008979) (91.40944974501686,40.00000000008979) (91.40944974501686,40.00000000008979) (92.3052084953928,40.00000000008979) (92.3052084953928,40.00000000008979) (92.39520849539285,41.00000000008979) (92.39520849539285,41.00000000008979) (93.29815929841264,41.00000000008979) (93.29815929841264,41.00000000008979) (93.39374885565925,42.00000000008979) (93.39374885565925,42.00000000008979) (99.28764739697989,42.00000000008979) (99.28764739697989,42.00000000008979) (99.37764739697994,42.70710678101007) (99.37764739697994,42.70710678101007) (104.0125574873984,42.70710678101007) (104.0125574873984,42.70710678101007) (104.1025574873984,41.71469504962047) (104.1025574873984,41.71469504962047) (109.0187957528981,41.71469504962047) (109.0187957528981,41.71469504962047) (109.1087957528981,39.72987158684129) (109.1087957528981,39.72987158684129) (110.0457263193727,39.72987158684129) (110.0457263193727,39.72987158684129) (110.1357263193728,38.7374598554517) (110.1357263193728,38.7374598554517) (111.0157594029259,38.7374598554517) (111.0157594029259,38.7374598554517) (111.1057594029259,37.7450481240621) (111.1057594029259,37.7450481240621) (116.160235834527,37.7450481240621) (116.160235834527,37.7450481240621) (116.2502358345271,35.74510989396698) (116.2502358345271,35.74510989396698) (117.1763547724616,35.74510989396698) (117.1763547724616,35.74510989396698) (117.2663547724616,34.74514077891942) (117.2663547724616,34.74514077891942) (118.1748699595905,34.74514077891942) (118.1748699595905,34.74514077891942) (118.2648699595905,33.74517166387186) (118.2648699595905,33.74517166387186) (119.1477424978877,33.74517166387186) (119.1477424978877,33.74517166387186) (119.2416592951211,32.7452025488243) (119.2416592951211,32.7452025488243) (120.1594467682724,32.7452025488243) (120.1594467682724,32.7452025488243) (120.2494467682724,31.74523343377674) (120.2494467682724,31.74523343377674) (121.1601587928115,31.74523343377674) (121.1601587928115,31.74523343377674) (121.2499280803849,30.74526431872918) (121.2499280803849,30.74526431872918) (122.1469994143314,30.74526431872918) (122.1469994143314,30.74526431872918) (122.2369994143315,29.74529520368162) (122.2369994143315,29.74529520368162) (123.1650242879926,29.74529520368162) (123.1650242879926,29.74529520368162) (123.2550242879926,28.74532608863406) (123.2550242879926,28.74532608863406) (124.1791786058058,28.74532608863406) (124.1791786058058,28.74532608863406) (124.2691786058059,27.7453569735865) (124.2691786058059,27.7453569735865) (125.1658840391997,27.7453569735865) (125.1658840391997,27.7453569735865) (125.2558840391998,26.74538785853893) (125.2558840391998,26.74538785853893) (130.3145662316527,26.74538785853893) (130.3145662316527,26.74538785853893) (130.4045662316526,24.74538861284472) (130.4045662316526,24.74538861284472) (131.3092041625203,24.74538861284472) (131.3092041625203,24.74538861284472) (131.3992041625202,23.74538898999761) (131.3992041625202,23.74538898999761) (132.3018071034909,23.74538898999761) (132.3018071034909,23.74538898999761) (132.3918071034908,22.7453893671505) (132.3918071034908,22.7453893671505) (133.3029464703274,22.7453893671505) (133.3029464703274,22.7453893671505) (133.3929464703273,21.74538974430339) (133.3929464703273,21.74538974430339) (134.3037274594853,21.74538974430339) (134.3037274594853,21.74538974430339) (134.3937274594852,20.74539012145629) (134.3937274594852,20.74539012145629) (136.3041361213707,20.74539012145629) (136.3041361213707,20.74539012145629) (136.3941361213706,22.74539012061007) (136.3941361213706,22.74539012061007) (137.2908328590975,22.74539012061007) (137.2908328590975,22.74539012061007) (137.3808328590974,23.74539012018697) (137.3808328590974,23.74539012018697) (138.3015707878619,23.74539012018697) (138.3015707878619,23.74539012018697) (138.3950136193049,24.74539011976386) (138.3950136193049,24.74539011976386) (139.2898164690111,24.74539011976386) (139.2898164690111,24.74539011976386) (139.379816469011,25.74539011934075) (139.379816469011,25.74539011934075) (140.2929655054757,25.74539011934075) (140.2929655054757,25.74539011934075) (140.3829655054756,26.74539011891765) (140.3829655054756,26.74539011891765) (141.3085158035727,26.74539011891765) (141.3085158035727,26.74539011891765) (141.3985158035726,27.74539011849454) (141.3985158035726,27.74539011849454) (142.3148568902647,27.74539011849454) (142.3148568902647,27.74539011849454) (142.4048568902646,28.74539011807144) (142.4048568902646,28.74539011807144) (143.2913234603335,28.74539011807144) (143.2913234603335,28.74539011807144) (143.3813234603334,29.74539011764833) (143.3813234603334,29.74539011764833) (144.3167934806587,29.74539011764833) (144.3167934806587,29.74539011764833) (144.4045492361604,30.74539011722522) (144.4045492361604,30.74539011722522) (145.3117121320189,30.74539011722522) (145.3117121320189,30.74539011722522) (145.4017121320188,31.74539011680212) (145.4017121320188,31.74539011680212) (146.2939939115411,31.74539011680212) (146.2939939115411,31.74539011680212) (146.383993911541,32.74539011637901) (146.383993911541,32.74539011637901) (147.3041672447366,32.74539011637901) (147.3041672447366,32.74539011637901) (147.3941672447365,33.74539011595591) (147.3941672447365,33.74539011595591) (148.2980549188647,33.74539011595591) (148.2980549188647,33.74539011595591) (148.3880549188646,34.7453901155328) (148.3880549188646,34.7453901155328) (149.2801378874285,34.7453901155328) (149.2801378874285,34.7453901155328) (149.3701378874284,35.74539011510969) (149.3701378874284,35.74539011510969) (150.3057011376172,35.74539011510969) (150.3057011376172,35.74539011510969) (150.3957011376171,36.74539011468659) (150.3957011376171,36.74539011468659) (151.2872974516681,36.74539011468659) (151.2872974516681,36.74539011468659) (151.3772974516681,37.74539011426348) (151.3772974516681,37.74539011426348) (152.3091482453981,37.74539011426348) (152.3091482453981,37.74539011426348) (152.3973837310085,38.74539011384038) (152.3973837310085,38.74539011384038) (153.28753435263,38.74539011384038) (153.28753435263,38.74539011384038) (153.3775343526299,39.74539011341727) (153.3775343526299,39.74539011341727) (154.316227524829,39.74539011341727) (154.316227524829,39.74539011341727) (154.4083215078804,40.74539011299417) (154.4083215078804,40.74539011299417) (155.2908337234692,40.74539011299417) (155.2908337234692,40.74539011299417) (155.3808337234691,41.74539011257106) (155.3808337234691,41.74539011257106) (156.3032915956022,41.74539011257106) (156.3032915956022,41.74539011257106) (156.3932915956022,42.74539011214795) (156.3932915956022,42.74539011214795) (162.2658226183797,42.74539011214795) (162.2658226183797,42.74539011214795) (162.3580280378587,41.74539011214801) (162.3580280378587,41.74539011214801) (167.3887863837239,41.74539011214801) (167.3887863837239,41.74539011214801) (167.4767502097455,39.74539011214812) (167.4767502097455,39.74539011214812) (168.4022035402996,39.74539011214812) (168.4022035402996,39.74539011214812) (168.4967502097447,38.74539011214817) (168.4967502097447,38.74539011214817) (174.7325048779921,38.74539011214817) (174.7325048779921,38.74539011214817) (174.8205066392649,37.74540508765605) (174.8205066392649,37.74540508765605) (177.8224571051557,37.74540508765605) (177.8224571051557,37.74540508765605) (177.9124571051556,36.74542006316393) (177.9124571051556,36.74542006316393) (187.6214806306618,36.74542006316393) (187.6214806306618,36.74542006316393) (187.7156555541399,35.74542027654783) (187.7156555541399,35.74542027654783) (192.7545471650924,35.74542027654783) (192.7545471650924,35.74542027654783) (192.8505066392495,33.74542070331562) (192.8505066392495,33.74542070331562) (193.7482086009588,33.74542070331562) (193.7482086009588,33.74542070331562) (193.8405066392486,32.74542091669952) (193.8405066392486,32.74542091669952) (194.7887438433703,32.74542091669952) (194.7887438433703,32.74542091669952) (194.8805066392477,31.74542113008341) (194.8805066392477,31.74542113008341) (195.7714035934064,31.74542113008341) (195.7714035934064,31.74542113008341) (195.8605066392468,30.74542134346731) (195.8605066392468,30.74542134346731) (196.7711882634195,30.74542134346731) (196.7711882634195,30.74542134346731) (196.860506639246,29.7454215568512) (196.860506639246,29.7454215568512) (197.7478271789658,29.7454215568512) (197.7478271789658,29.7454215568512) (197.8405066392451,28.7454217702351) (197.8405066392451,28.7454217702351) (198.7462459143907,28.7454217702351) (198.7462459143907,28.7454217702351) (198.8405066392443,27.74542198361899) (198.8405066392443,27.74542198361899) (199.7606040948584,27.74542198361899) (199.7606040948584,27.74542198361899) (199.8505066392434,26.74542219700289) (199.8505066392434,26.74542219700289) (200.7671511130332,26.74542219700289) (200.7671511130332,26.74542219700289) (200.8605066392426,25.74542241038679) (200.8605066392426,25.74542241038679) (201.7608239689281,25.74542241038679) (201.7608239689281,25.74542241038679) (201.8505066392417,24.74542262377068) (201.8505066392417,24.74542262377068) (202.7625859241554,24.74542262377068) (202.7625859241554,24.74542262377068) (202.8505066392409,23.74542283715458) (202.8505066392409,23.74542283715458) (203.7680066964973,23.74542283715458) (203.7680066964973,23.74542283715458) (203.8620623179164,22.74542305053847) (203.8620623179164,22.74542305053847) (204.7613510479383,22.74542305053847) (204.7613510479383,22.74542305053847) (204.8505066392391,21.74542326392237) (204.8505066392391,21.74542326392237) (205.7630552015174,21.74542326392237) (205.7630552015174,21.74542326392237) (205.8605066392382,20.74542347730627) (205.8605066392382,20.74542347730627) (209.6039664205938,20.74542347730627) (209.6039664205938,20.74542347730627) (209.6939664205937,19.7454236906889) (209.6939664205937,19.7454236906889) (400.0099999997929,19.7454236906889)
robPositionY[currR - 1] / 100:
[0]: (0,0) (0,0) (0.09,3) (0.09,3) (52.48026274770835,3) (52.48026274770835,2.999999999910207) (56.92125085711514,2.999999999910207) (56.92125085711514,2.999999999910207) (57.00999999999721,3.999999999910207) (57.00999999999721,3.999999999910207) (59.97918844279688,3.999999999910207) (59.97918844279688,3.999999999910207) (60.07073896964221,2.999999999910207) (60.07073896964221,2.999999999910207) (69.64781670421091,3) (69.64781670421091,3.000000000179587) (99.28764739697989,3.000000000897933) (99.28764739697989,3.000000000897933) (99.37764739697994,2.292893219327812) (99.37764739697994,2.292893219327812) (104.0125574873984,2.292893219327812) (104.0125574873984,2.292893219327812) (104.1025574873984,2.415852380842168) (104.1025574873984,2.415852380842168) (109.0187957528981,2.415852380842168) (109.0187957528981,2.415852380842168) (109.1087957528981,2.66177070387088) (109.1087957528981,2.66177070387088) (110.0457263193727,2.66177070387088) (110.0457263193727,2.66177070387088) (110.1357263193728,2.784729865385237) (110.1357263193728,2.784729865385237) (111.0157594029259,2.784729865385237) (111.0157594029259,2.784729865385237) (111.1057594029259,2.907689026899593) (111.1057594029259,2.907689026899593) (116.160235834527,2.907689026899593) (116.160235834527,2.907689026899593) (116.2502358345271,2.923407672005749) (116.2502358345271,2.923407672005749) (117.1763547724616,2.923407672005749) (117.1763547724616,2.923407672005749) (117.2663547724616,2.931266994558827) (117.2663547724616,2.931266994558827) (118.1748699595905,2.931266994558827) (118.1748699595905,2.931266994558827) (118.2648699595905,2.939126317111905) (118.2648699595905,2.939126317111905) (119.1477424978877,2.939126317111905) (119.1477424978877,2.939126317111905) (119.2416592951211,2.946985639664982) (119.2416592951211,2.946985639664982) (120.1594467682724,2.946985639664982) (120.1594467682724,2.946985639664982) (120.2494467682724,2.95484496221806) (120.2494467682724,2.95484496221806) (121.1601587928115,2.95484496221806) (121.1601587928115,2.95484496221806) (121.2499280803849,2.962704284771138) (121.2499280803849,2.962704284771138) (122.1469994143314,2.962704284771138) (122.1469994143314,2.962704284771138) (122.2369994143315,2.970563607324216) (122.2369994143315,2.970563607324216) (123.1650242879926,2.970563607324216) (123.1650242879926,2.970563607324216) (123.2550242879926,2.978422929877294) (123.2550242879926,2.978422929877294) (124.1791786058058,2.978422929877294) (124.1791786058058,2.978422929877294) (124.2691786058059,2.986282252430371) (124.2691786058059,2.986282252430371) (125.1658840391997,2.986282252430371) (125.1658840391997,2.986282252430371) (125.2558840391998,2.994141574983449) (125.2558840391998,2.994141574983449) (130.3145662316527,2.994141574983449) (130.3145662316527,2.994141574983449) (130.4045662316526,2.995878590399104) (130.4045662316526,2.995878590399104) (131.3092041625203,2.995878590399104) (131.3092041625203,2.995878590399104) (131.3992041625202,2.996747098106932) (131.3992041625202,2.996747098106932) (132.3018071034909,2.996747098106932) (132.3018071034909,2.996747098106932) (132.3918071034908,2.997615605814759) (132.3918071034908,2.997615605814759) (133.3029464703274,2.997615605814759) (133.3029464703274,2.997615605814759) (133.3929464703273,2.998484113522587) (133.3929464703273,2.998484113522587) (134.3037274594853,2.998484113522587) (134.3037274594853,2.998484113522587) (134.3937274594852,2.999352621230414) (134.3937274594852,2.999352621230414) (136.3041361213707,2.999352621230414) (136.3041361213707,2.999352621230414) (136.3941361213706,2.999410800531556) (136.3941361213706,2.999410800531556) (137.2908328590975,2.999410800531556) (137.2908328590975,2.999410800531556) (137.3808328590974,2.999439890182127) (137.3808328590974,2.999439890182127) (138.3015707878619,2.999439890182127) (138.3015707878619,2.999439890182127) (138.3950136193049,2.999468979832697) (138.3950136193049,2.999468979832697) (139.2898164690111,2.999468979832697) (139.2898164690111,2.999468979832697) (139.379816469011,2.999498069483268) (139.379816469011,2.999498069483268) (140.2929655054757,2.999498069483268) (140.2929655054757,2.999498069483268) (140.3829655054756,2.999527159133839) (140.3829655054756,2.999527159133839) (141.3085158035727,2.999527159133839) (141.3085158035727,2.999527159133839) (141.3985158035726,2.99955624878441) (141.3985158035726,2.99955624878441) (142.3148568902647,2.99955624878441) (142.3148568902647,2.99955624878441) (142.4048568902646,2.999585338434981) (142.4048568902646,2.999585338434981) (143.2913234603335,2.999585338434981) (143.2913234603335,2.999585338434981) (143.3813234603334,2.999614428085552) (143.3813234603334,2.999614428085552) (144.3167934806587,2.999614428085552) (144.3167934806587,2.999614428085552) (144.4045492361604,2.999643517736123) (144.4045492361604,2.999643517736123) (145.3117121320189,2.999643517736123) (145.3117121320189,2.999643517736123) (145.4017121320188,2.999672607386694) (145.4017121320188,2.999672607386694) (146.2939939115411,2.999672607386694) (146.2939939115411,2.999672607386694) (146.383993911541,2.999701697037265) (146.383993911541,2.999701697037265) (147.3041672447366,2.999701697037265) (147.3041672447366,2.999701697037265) (147.3941672447365,2.999730786687836) (147.3941672447365,2.999730786687836) (148.2980549188647,2.999730786687836) (148.2980549188647,2.999730786687836) (148.3880549188646,2.999759876338406) (148.3880549188646,2.999759876338406) (149.2801378874285,2.999759876338406) (149.2801378874285,2.999759876338406) (149.3701378874284,2.999788965988977) (149.3701378874284,2.999788965988977) (150.3057011376172,2.999788965988977) (150.3057011376172,2.999788965988977) (150.3957011376171,2.999818055639548) (150.3957011376171,2.999818055639548) (151.2872974516681,2.999818055639548) (151.2872974516681,2.999818055639548) (151.3772974516681,2.999847145290119) (151.3772974516681,2.999847145290119) (152.3091482453981,2.999847145290119) (152.3091482453981,2.999847145290119) (152.3973837310085,2.99987623494069) (152.3973837310085,2.99987623494069) (153.28753435263,2.99987623494069) (153.28753435263,2.99987623494069) (153.3775343526299,2.999905324591261) (153.3775343526299,2.999905324591261) (154.316227524829,2.999905324591261) (154.316227524829,2.999905324591261) (154.4083215078804,2.999934414241832) (154.4083215078804,2.999934414241832) (155.2908337234692,2.999934414241832) (155.2908337234692,2.999934414241832) (155.3808337234691,2.999963503892403) (155.3808337234691,2.999963503892403) (156.3032915956022,2.999963503892403) (156.3032915956022,2.999963503892403) (156.3932915956022,2.999992593542974) (156.3932915956022,2.999992593542974) (162.2658226183797,2.999992593542974) (162.2658226183797,2.999992593542974) (162.3580280378587,2.999992919079039) (162.3580280378587,2.999992919079039) (167.3887863837239,2.999992919079039) (167.3887863837239,2.999992919079039) (167.4767502097455,2.99999357015117) (167.4767502097455,2.99999357015117) (168.4022035402996,2.99999357015117) (168.4022035402996,2.99999357015117) (168.4967502097447,2.999993895687236) (168.4967502097447,2.999993895687236) (174.7325048779921,2.999993895687236) (174.7325048779921,2.999993895687236) (174.8205066392649,3.005466627317342) (174.8205066392649,3.005466627317342) (177.8224571051557,3.005466627317342) (177.8224571051557,3.005466627317342) (177.9124571051556,3.010939358947448) (177.9124571051556,3.010939358947448) (187.6214806306618,3.010939358947448) (187.6214806306618,3.010939358947448) (187.7156555541399,3.010286084316156) (187.7156555541399,3.010286084316156) (192.7545471650924,3.010286084316156) (192.7545471650924,3.010286084316156) (192.8505066392495,3.00897953505357) (192.8505066392495,3.00897953505357) (193.7482086009588,3.00897953505357) (193.7482086009588,3.00897953505357) (193.8405066392486,3.008326260422277) (193.8405066392486,3.008326260422277) (194.7887438433703,3.008326260422277) (194.7887438433703,3.008326260422277) (194.8805066392477,3.007672985790984) (194.8805066392477,3.007672985790984) (195.7714035934064,3.007672985790984) (195.7714035934064,3.007672985790984) (195.8605066392468,3.007019711159692) (195.8605066392468,3.007019711159692) (196.7711882634195,3.007019711159692) (196.7711882634195,3.007019711159692) (196.860506639246,3.006366436528399) (196.860506639246,3.006366436528399) (197.7478271789658,3.006366436528399) (197.7478271789658,3.006366436528399) (197.8405066392451,3.005713161897106) (197.8405066392451,3.005713161897106) (198.7462459143907,3.005713161897106) (198.7462459143907,3.005713161897106) (198.8405066392443,3.005059887265813) (198.8405066392443,3.005059887265813) (199.7606040948584,3.005059887265813) (199.7606040948584,3.005059887265813) (199.8505066392434,3.00440661263452) (199.8505066392434,3.00440661263452) (200.7671511130332,3.00440661263452) (200.7671511130332,3.00440661263452) (200.8605066392426,3.003753338003228) (200.8605066392426,3.003753338003228) (201.7608239689281,3.003753338003228) (201.7608239689281,3.003753338003228) (201.8505066392417,3.003100063371935) (201.8505066392417,3.003100063371935) (202.7625859241554,3.003100063371935) (202.7625859241554,3.003100063371935) (202.8505066392409,3.002446788740642) (202.8505066392409,3.002446788740642) (203.7680066964973,3.002446788740642) (203.7680066964973,3.002446788740642) (203.8620623179164,3.001793514109349) (203.8620623179164,3.001793514109349) (204.7613510479383,3.001793514109349) (204.7613510479383,3.001793514109349) (204.8505066392391,3.001140239478056) (204.8505066392391,3.001140239478056) (205.7630552015174,3.001140239478056) (205.7630552015174,3.001140239478056) (205.8605066392382,3.000486964846764) (205.8605066392382,3.000486964846764) (209.6039664205938,3.000486964846764) (209.6039664205938,3.000486964846764) (209.6939664205937,2.999833692143868) (209.6939664205937,2.999833692143868) (400.0099999997929,2.999833692143868)
dX[currR - 1] / 100:
[0]: (0,0) (0,0) (1,0) (1,0) (1.09,43) (1.09,43) (61.04073896964203,43) (61.13073896964201,20) (61.13073896964201,20) (64.01717439598546,20) (64.01717439598546,20) (64.10717439598551,23) (64.10717439598551,23) (65.01717439598595,23) (65.10717439598599,24) (65.10717439598599,24) (66.01717439598643,24) (66.10717439598648,25) (66.10717439598648,25) (67.01717439598693,25) (67.10717439598697,26) (67.10717439598697,26) (68.01717439598741,26) (68.10717439598746,27) (68.10717439598746,27) (69.01717439598791,27) (69.10717439598795,28) (69.10717439598795,28) (70.01717439598838,28) (70.10733021055323,29) (70.10733021055323,29) (71.01717439598885,29) (71.10717439598889,30) (71.10717439598889,30) (72.01717439598934,30) (72.10717439598939,31) (72.10717439598939,31) (73.01717439598983,31) (73.10717439598987,32) (73.10717439598987,32) (74.01717439599031,32) (74.10717439599036,33) (74.10717439599036,33) (75.01717439599079,33) (75.10717439599084,34) (75.10717439599084,34) (80.80447582545069,34) (80.89374489048107,40) (80.89374489048107,40) (83.80919914049944,40) (83.80919914049944,40) (83.89919914049949,43) (83.89919914049949,43) (100.4467502097666,43) (100.5346075003528,37) (100.5346075003528,37) (103.5097644205906,37) (103.5097644205906,37) (103.5997644205906,34) (103.5997644205906,34) (104.5097644205911,34) (104.599956912752,33) (104.599956912752,33) (105.5097644205916,33) (105.6045572119194,32) (105.6045572119194,32) (106.509764420592,32) (106.5997644205921,31) (106.5997644205921,31) (107.5097644205925,31) (107.598085949844,30) (107.598085949844,30) (108.509764420593,30) (108.5980859498445,29) (108.5980859498445,29) (109.5097644205935,29) (109.598085949845,28) (109.598085949845,28) (110.509764420594,28) (110.5989365015365,27) (110.5989365015365,27) (111.5097644205944,27) (111.5980859498459,26) (111.5980859498459,26) (112.5097644205949,26) (112.599764420595,25) (112.599764420595,25) (113.5097644205954,25) (113.6059905869784,24) (113.6059905869784,24) (114.5097644205959,24) (114.5997644205959,23) (114.5997644205959,23) (115.5097644205964,23) (115.5997644205964,22) (115.5997644205964,22) (116.5097644205969,22) (116.5997644205969,21) (116.5997644205969,21) (117.5097644205974,21) (117.5987956589546,20) (117.5987956589546,20) (133.5097644205975,20) (133.6068168538029,41.4) (133.6068168538029,41.4) (134.5097644205967,41.4) (134.5997644205966,43) (134.5997644205966,43) (158.7844036701204,43) (158.7844036701204,43) (158.8805066392785,20) (158.8805066392785,20) (171.2478514004654,20) (171.3378514004653,2.2) (171.3378514004653,2.2) (184.19968309726,2.2) (184.19968309726,2.2) (184.2959283418832,20) (184.2959283418832,20) (400.0099999997929,20)
dY[currR - 1] / 100:
[0]: (0,0) (0,0) (1,0) (1,0) (1.09,3) (1.09,3) (84.80919914049993,3) (84.90227536589546,2) (84.90227536589546,2) (94.80919914050476,2) (94.89919914050481,3) (94.89919914050481,3) (100.4467502097666,3) (100.4467502097666,2.99999999946124) (112.5097644205949,2.999999998473514) (112.5097644205949,2.999999998383721) (133.5097644205975,2.999999997934755) (171.2478514004654,3) (171.3378514004653,3.2) (171.3378514004653,3.2) (184.19968309726,3.2) (184.19968309726,3.2) (184.2959283418832,3) (184.2959283418832,3) (400.0099999997929,3)
PATH:
[0]: (0,0) (0,0) (55.99999999999741,0) (55.99999999999741,0) (56.08999999999739,2) (56.08999999999739,2) (400.0099999997929,2)
